0
1.8593211e+00 2.4737794e+00 3.0000000e-02 4.3247068e+00
2.8928390e+00 4.0366557e+00 3.0000000e-02 2.1171396e+00
1.7980044e+00 2.3654129e+00 3.0000000e-02 4.9454219e+00
2.9183874e+00 3.7399735e+00 3.0000000e-02 3.9661163e-01
1.5718941e+00 1.8817410e+00 3.0000000e-02 3.5054166e+00
3.9476739e+00 3.9848309e+00 3.0000000e-02 4.6316975e+00
1.6063638e+00 3.7376769e+00 3.0000000e-02 6.0525124e+00
6.1846392e-01 3.9469844e+00 3.0000000e-02 1.0858496e+00
3.0848335e+00 1.7906299e+00 3.0000000e-02 4.9731607e+00
1.7130479e+00 2.6961838e+00 3.0000000e-02 3.0624023e+00
6.7137424e-01 9.9855802e-01 3.0000000e-02 6.1024911e+00
2.4296334e+00 4.3189161e+00 3.0000000e-02 4.0599545e+00
7.2676107e-01 9.4604350e-01 3.0000000e-02 1.4088588e+00
2.0640194e+00 2.5666333e+00 3.0000000e-02 2.8435528e+00
2.7438212e+00 3.1978978e+00 3.0000000e-02 6.0650201e-02
2.7768158e+00 1.4770150e+00 3.0000000e-02 3.5691900e+00
2.6076822e+00 8.5291651e-01 3.0000000e-02 8.7570005e-02
3.4569304e+00 1.8241515e+00 3.0000000e-02 6.0420459e+00
3.7329909e+00 2.8507539e+00 3.0000000e-02 4.8487874e+00
1.7495749e+00 4.3500148e+00 3.0000000e-02 3.9188288e+00
3.9447601e+00 1.9328256e+00 3.0000000e-02 1.0300083e+00
2.3426078e+00 4.3292613e+00 3.0000000e-02 5.8436115e+00
4.3774091e+00 4.2302747e+00 3.0000000e-02 5.1161389e-01
2.1970719e+00 3.1294177e+00 3.0000000e-02 2.4835660e+00
2.1546326e+00 1.0414860e+00 3.0000000e-02 6.2707612e+00
2.5768040e+00 7.1628004e-01 3.0000000e-02 4.1882925e+00
1.0636089e+00 2.5659527e+00 3.0000000e-02 2.3699823e+00
6.5129749e-01 2.6181921e+00 3.0000000e-02 1.4972726e+00
2.2237424e+00 5.5872025e-01 3.0000000e-02 3.6868185e+00
2.6777779e+00 3.2888148e+00 3.0000000e-02 9.3597893e-01
1.7346410e+00 1.8227568e+00 3.0000000e-02 3.9326978e-01
1.6217522e+00 1.1097685e+00 3.0000000e-02 3.3694087e-01
3.1169137e+00 6.7642595e-01 3.0000000e-02 8.9421130e-01
5.9562064e-01 2.2519867e+00 3.0000000e-02 6.1284745e+00
3.6324258e+00 1.9791299e+00 3.0000000e-02 6.1594824e+00
2.6790617e+00 7.3919469e-01 3.0000000e-02 2.9327726e+00
2.5743395e+00 1.3504557e+00 3.0000000e-02 6.0624783e-01
2.1710736e+00 1.1365659e+00 3.0000000e-02 3.5259029e+00
3.1258630e+00 2.9021134e+00 3.0000000e-02 9.8765115e-01
3.0265254e+00 2.2802010e+00 3.0000000e-02 4.5974033e-01
3.8949274e+00 2.3362856e+00 3.0000000e-02 3.8954435e+00
2.2811892e+00 2.2957841e+00 3.0000000e-02 2.1269834e+00
3.0564104e+00 2.0416712e+00 3.0000000e-02 2.2847975e+00
4.0870141e+00 4.2643836e+00 3.0000000e-02 1.8506845e+00
3.1693131e+00 8.9109816e-01 3.0000000e-02 1.5555656e+00
3.9844409e+00 1.0298474e+00 3.0000000e-02 4.4894348e+00
3.8267153e+00 9.8697199e-01 3.0000000e-02 1.5672075e+00
3.2369969e+00 1.9252441e+00 3.0000000e-02 2.3447773e-01
2.6130180e+00 4.4536805e+00 3.0000000e-02 2.6465212e+00
1.0708539e+00 1.0805672e+00 3.0000000e-02 6.0110749e+00
4.0688362e+00 3.8119365e+00 3.0000000e-02 3.5832069e+00
4.4175546e+00 3.4104170e+00 3.0000000e-02 4.3697517e+00
1.3249688e+00 3.2169407e+00 3.0000000e-02 2.3202486e+00
8.1965584e-01 2.2288518e+00 3.0000000e-02 4.6673385e+00
4.4378353e+00 2.5202349e+00 3.0000000e-02 4.6626676e+00
1.8385516e+00 1.5426752e+00 3.0000000e-02 2.2628190e+00
2.3103125e+00 3.4783789e+00 3.0000000e-02 2.5062762e+00
8.7101711e-01 1.9102924e+00 3.0000000e-02 4.0868501e+00
1.1929198e+00 2.8396090e+00 3.0000000e-02 4.5404937e+00
4.1035584e+00 3.3737881e+00 3.0000000e-02 3.9771889e+00
4.2264393e+00 2.0466418e+00 3.0000000e-02 1.6161822e+00
3.4678545e+00 1.6026690e+00 3.0000000e-02 4.3079120e+00
2.3333937e+00 9.4057090e-01 3.0000000e-02 2.0441487e+00
4.2971906e+00 1.0619359e+00 3.0000000e-02 4.3662269e+00
1.8008423e+00 3.9172437e+00 3.0000000e-02 2.7235067e+00
1.2247494e+00 6.3720553e-01 3.0000000e-02 3.8906924e+00
3.6674561e+00 1.2130920e+00 3.0000000e-02 3.6902122e+00
2.6509329e+00 2.4422620e+00 3.0000000e-02 4.4367169e-01
4.3435609e+00 7.1301933e-01 3.0000000e-02 4.3122865e+00
3.6492369e+00 1.1057610e+00 3.0000000e-02 3.2009876e+00
9.3389602e-01 3.7851370e+00 3.0000000e-02 2.5885905e+00
3.7132072e+00 5.1097316e-01 3.0000000e-02 3.5023374e+00
4.2868645e+00 3.1036131e+00 3.0000000e-02 1.5480048e+00
3.2013261e+00 3.6838135e+00 3.0000000e-02 6.6121183e-01
4.3980325e+00 2.1638176e+00 3.0000000e-02 2.2029854e-01
1.2440759e+00 4.0075718e+00 3.0000000e-02 3.9232822e-01
2.1909263e+00 2.2469352e+00 3.0000000e-02 2.5801947e+00
1.6092375e+00 3.3020464e+00 3.0000000e-02 2.0661942e+00
2.9804928e+00 3.5203094e+00 3.0000000e-02 6.0836068e+00
1.7681284e+00 1.5726726e+00 3.0000000e-02 3.9694688e+00
2.1084456e+00 3.5582494e+00 3.0000000e-02 2.8584782e+00
2.1709268e+00 3.9220387e+00 3.0000000e-02 6.0810935e+00
3.7984527e+00 4.4995938e+00 3.0000000e-02 3.0826671e+00
2.6687838e+00 8.9355591e-01 3.0000000e-02 5.0849495e+00
1.0779862e+00 3.9958695e+00 3.0000000e-02 3.3481859e+00
1.0905181e+00 4.1248146e+00 3.0000000e-02 4.1639228e+00
2.8040937e+00 3.5989857e+00 3.0000000e-02 2.4710072e-01
2.3204243e+00 4.3804283e+00 3.0000000e-02 3.8626204e+00
2.5713396e+00 3.6795736e+00 3.0000000e-02 4.4720719e+00
4.4186122e+00 7.6642873e-01 3.0000000e-02 5.6681790e+00
1.5523195e+00 7.3840883e-01 3.0000000e-02 4.5659439e+00
7.8604235e-01 1.2983370e+00 3.0000000e-02 4.7944541e+00
4.4419575e+00 3.1898338e+00 3.0000000e-02 8.3104628e-01
1.0673520e+00 3.0269427e+00 3.0000000e-02 2.1016800e+00
9.4416493e-01 4.1466702e+00 3.0000000e-02 4.6548095e+00
3.7691355e+00 3.4418954e+00 3.0000000e-02 1.2366474e+00
4.1202655e+00 2.2674877e+00 3.0000000e-02 4.1372100e+00
3.2024024e+00 9.0068863e-01 3.0000000e-02 4.8404639e+00
8.8050480e-01 3.0864002e+00 3.0000000e-02 5.1256859e+00
3.0760909e+00 1.0112916e+00 3.0000000e-02 2.0164769e+00
2.4820016e+00 3.2222859e+00 3.0000000e-02 3.1861965e+00
3.5169527e+00 1.1667878e+00 3.0000000e-02 7.9290884e-01
4.0508707e+00 7.2578981e-01 3.0000000e-02 2.7452808e+00
4.3567378e+00 2.4649472e+00 3.0000000e-02 8.0225264e-01
3.9259410e+00 1.0195142e+00 3.0000000e-02 4.3476604e+00
2.4706646e+00 2.0688717e+00 3.0000000e-02 9.1188517e-01
3.4997052e+00 1.5849762e+00 3.0000000e-02 2.5856171e+00
3.1350613e+00 6.7902671e-01 3.0000000e-02 4.9908749e+00
2.4092530e+00 3.1736213e+00 3.0000000e-02 3.6657058e+00
3.4434388e+00 8.8538628e-01 3.0000000e-02 6.0268091e+00
3.3674453e+00 1.7077209e+00 3.0000000e-02 9.9509140e-01
3.7719143e+00 2.8601079e+00 3.0000000e-02 3.7501693e+00
2.2995433e+00 2.2247292e+00 3.0000000e-02 3.1910688e+00
8.8352877e-01 3.6456590e+00 3.0000000e-02 1.9224809e+00
5.2884821e-01 4.0197086e+00 3.0000000e-02 2.9056210e+00
4.2525589e+00 2.0681551e+00 3.0000000e-02 2.0589782e+00
4.0091823e+00 1.6520392e+00 3.0000000e-02 4.0281143e-02
7.4782626e-01 1.9243805e+00 3.0000000e-02 5.7542500e+00
2.0443715e+00 2.0429029e+00 3.0000000e-02 5.4083270e+00
4.1533555e+00 2.6228687e+00 3.0000000e-02 4.2615142e-01
4.1632425e+00 3.5557677e+00 3.0000000e-02 5.1440231e+00
1.5520576e+00 2.2802767e+00 3.0000000e-02 2.0493255e+00
3.6927036e+00 1.6964183e+00 3.0000000e-02 6.1007926e+00
3.9561891e+00 1.2737424e+00 3.0000000e-02 3.7269189e+00
2.0510277e+00 3.8260972e+00 3.0000000e-02 1.3776044e+00
3.0141418e+00 4.3799206e+00 3.0000000e-02 2.2795096e+00
9.6980049e-01 3.6717716e+00 3.0000000e-02 2.8630743e+00
2.4603629e+00 4.4842385e+00 3.0000000e-02 5.0830523e+00
2.5815737e+00 1.8292709e+00 3.0000000e-02 6.1486375e+00
3.5662107e+00 5.5894729e-01 3.0000000e-02 6.2689334e+00
3.3636791e+00 2.4778862e+00 3.0000000e-02 4.4297590e+00
4.0757320e+00 1.8276530e+00 3.0000000e-02 5.8590554e+00
3.7768005e+00 2.0790980e+00 3.0000000e-02 2.8101824e+00
1.5437067e+00 1.9776119e+00 3.0000000e-02 3.1836654e+00
1.9392451e+00 4.4537417e+00 3.0000000e-02 5.3774028e-01
1.1145148e+00 2.9818659e+00 3.0000000e-02 3.7197469e+00
3.5067388e+00 2.9493891e+00 3.0000000e-02 1.9594827e+00
4.0496879e+00 2.8301308e+00 3.0000000e-02 4.5483822e+00
3.6677979e+00 2.7520764e+00 3.0000000e-02 5.3588834e+00
2.3406871e+00 3.6522628e+00 3.0000000e-02 1.6622349e+00
4.4812505e+00 1.8193189e+00 3.0000000e-02 4.4149651e+00
2.1465570e+00 3.6105251e+00 3.0000000e-02 4.3926053e+00
2.8675681e+00 2.8832572e+00 3.0000000e-02 5.3683636e+00
2.6261401e+00 9.6303110e-01 3.0000000e-02 5.3346523e+00
3.5476594e+00 4.4930377e+00 3.0000000e-02 1.1906089e+00
2.6116715e+00 3.4733159e+00 3.0000000e-02 2.1230993e+00
3.0710096e+00 5.3392265e-01 3.0000000e-02 4.5058579e+00
4.0453989e+00 1.5523047e+00 3.0000000e-02 5.5018529e+00
4.4872086e+00 8.1294873e-01 3.0000000e-02 9.6075494e-01
3.3588141e+00 4.0710524e+00 3.0000000e-02 5.8795503e+00
2.3038494e+00 4.3825385e+00 3.0000000e-02 6.0428930e+00
1.0960417e+00 3.0653445e+00 3.0000000e-02 5.7564158e+00
6.7754728e-01 5.0396744e-01 3.0000000e-02 1.2456212e+00
2.6178960e+00 2.9825918e+00 3.0000000e-02 4.3569076e+00
1.4891142e+00 1.8618387e+00 3.0000000e-02 5.6498664e+00
2.3614853e+00 4.1453627e+00 3.0000000e-02 2.6010424e+00
2.8077562e+00 3.3920613e+00 3.0000000e-02 6.0546060e+00
7.5493607e-01 2.9345681e+00 3.0000000e-02 1.2564925e-02
4.2182850e+00 1.4510140e+00 3.0000000e-02 5.1284079e+00
2.1841423e+00 4.0144668e+00 3.0000000e-02 1.1392429e+00
2.3805730e+00 3.8141739e+00 3.0000000e-02 3.3541798e+00
3.9363612e+00 1.2332790e+00 3.0000000e-02 2.1140367e-01
6.5472567e-01 9.7230886e-01 3.0000000e-02 4.9237095e+00
7.5704757e-01 3.5914389e+00 3.0000000e-02 5.8371530e+00
1.7233779e+00 3.0404216e+00 3.0000000e-02 6.0217062e+00
2.5727582e+00 6.9223052e-01 3.0000000e-02 4.6898133e+00
8.8127434e-01 4.2666197e+00 3.0000000e-02 2.0540785e+00
2.7826911e+00 7.6040360e-01 3.0000000e-02 1.6025841e+00
2.1134784e+00 3.2801472e+00 3.0000000e-02 1.8971832e-03
3.3748234e+00 1.0361313e+00 3.0000000e-02 5.2654412e+00
2.7740615e+00 2.8400965e+00 3.0000000e-02 4.3627482e+00
8.7593649e-01 1.4119632e+00 3.0000000e-02 5.0528162e+00
2.9504022e+00 7.3565221e-01 3.0000000e-02 4.4346580e+00
6.4646667e-01 3.6974061e+00 3.0000000e-02 2.0074073e+00
2.0731767e+00 4.1913300e+00 3.0000000e-02 2.2828202e+00
3.0347849e+00 6.8834508e-01 3.0000000e-02 5.6211726e+00
1.8017453e+00 3.4833253e+00 3.0000000e-02 5.1199610e+00
3.5963270e+00 3.1679987e+00 3.0000000e-02 3.5129866e-01
2.0249960e+00 3.6769233e+00 3.0000000e-02 5.9346485e+00
3.0800982e+00 3.4771016e+00 3.0000000e-02 4.3648761e-01
1.4649879e+00 8.4563591e-01 3.0000000e-02 4.7509509e+00
4.4030959e+00 4.2504267e+00 3.0000000e-02 6.2293886e-01
1.3156655e+00 2.4408325e+00 3.0000000e-02 2.2346581e+00
1.6992626e+00 2.3474871e+00 3.0000000e-02 6.1776626e+00
1.8476747e+00 1.6537640e+00 3.0000000e-02 3.3301951e+00
4.2680764e+00 2.4704720e+00 3.0000000e-02 4.3107152e+00
1.5122941e+00 4.1853317e+00 3.0000000e-02 3.4934174e+00
1.3640396e+00 3.6240036e+00 3.0000000e-02 4.3523402e-01
3.5662317e+00 8.1298859e-01 3.0000000e-02 5.9383654e+00
2.0772349e+00 2.2416215e+00 3.0000000e-02 4.4838116e+00
6.3345966e-01 4.0567082e+00 3.0000000e-02 5.6376924e+00
8.1955014e-01 1.8261131e+00 3.0000000e-02 2.8117145e+00
3.6511964e+00 8.4422546e-01 3.0000000e-02 4.4453159e+00
3.5003458e+00 2.4478186e+00 3.0000000e-02 5.9086447e-01
1.6749392e+00 1.2803285e+00 3.0000000e-02 5.9700281e+00
2.8534701e+00 3.3138651e+00 3.0000000e-02 1.5736226e+00
1.6422609e+00 3.8900437e+00 3.0000000e-02 5.9531078e+00
3.8537221e+00 8.7163034e-01 3.0000000e-02 3.8959741e+00
2.4742637e+00 2.8905013e+00 3.0000000e-02 1.5043545e+00
1.5101500e+00 3.2165494e+00 3.0000000e-02 2.9595587e+00
4.3511776e+00 3.4081838e+00 3.0000000e-02 3.8802171e+00
1.0666953e+00 2.4949181e+00 3.0000000e-02 2.1654052e+00
2.3044399e+00 5.0597512e-01 3.0000000e-02 2.1608540e+00
1.5758327e+00 4.1867665e+00 3.0000000e-02 1.3368909e+00
1.7230461e+00 3.1643074e+00 3.0000000e-02 2.3874866e+00
3.6985379e+00 5.2600642e-01 3.0000000e-02 5.8230749e+00
2.8515991e+00 1.2874265e+00 3.0000000e-02 1.9576327e+00
1.5639709e+00 2.7921452e+00 3.0000000e-02 1.5559249e+00
3.5896572e+00 1.5794848e+00 3.0000000e-02 2.9689694e-01
2.9823042e+00 3.8054085e+00 3.0000000e-02 3.2643901e-01
2.5997880e+00 9.9319265e-01 3.0000000e-02 5.9118556e+00
5.8122028e-01 5.5699573e-01 3.0000000e-02 6.0124722e+00
3.2503695e+00 1.4297211e+00 3.0000000e-02 5.8003159e+00
8.2109572e-01 3.8835725e+00 3.0000000e-02 5.3762290e+00
9.4152802e-01 3.4137824e+00 3.0000000e-02 2.5666436e+00
1.6027601e+00 3.6755541e+00 3.0000000e-02 4.2346987e-01
3.3696297e+00 8.9362880e-01 3.0000000e-02 5.6089092e+00
8.6794608e-01 6.8668247e-01 3.0000000e-02 4.2376145e+00
8.3879231e-01 1.9902718e+00 3.0000000e-02 4.3172472e+00
1.5977431e+00 2.3672616e+00 3.0000000e-02 5.9959420e+00
2.1531919e+00 3.5143185e+00 3.0000000e-02 4.4474533e+00
2.5991345e+00 3.9699838e+00 3.0000000e-02 4.7778049e+00
4.4249734e+00 2.5381599e+00 3.0000000e-02 2.6095556e+00
3.9644820e+00 9.1834497e-01 3.0000000e-02 2.2276861e+00
2.5065979e+00 1.0652711e+00 3.0000000e-02 7.3879984e-01
1.0624978e+00 1.2232939e+00 3.0000000e-02 5.8994269e+00
4.2539708e+00 1.6282383e+00 3.0000000e-02 1.0398882e+00
4.2372926e+00 3.4553354e+00 3.0000000e-02 3.0153439e+00
4.4442131e+00 1.9104577e+00 3.0000000e-02 4.7603578e+00
2.1671090e+00 1.9131815e+00 3.0000000e-02 1.9478677e+00
1.0577917e+00 6.2721071e-01 3.0000000e-02 5.7460593e-01
3.8194488e+00 1.1902769e+00 3.0000000e-02 4.3871932e+00
9.0214878e-01 4.3418387e+00 3.0000000e-02 2.1485997e+00
3.0531227e+00 1.4354146e+00 3.0000000e-02 1.0099020e+00
2.3585738e+00 2.2196238e+00 3.0000000e-02 2.0113398e+00
3.7812394e+00 7.7841009e-01 3.0000000e-02 2.3764798e+00
2.4289010e+00 7.5681923e-01 3.0000000e-02 4.7998417e+00
3.8606495e+00 9.6270220e-01 3.0000000e-02 5.5519743e-01
5.6765078e-01 3.9057199e+00 3.0000000e-02 3.0156503e+00
1.1554016e+00 1.7585719e+00 3.0000000e-02 2.2534002e+00
8.7171772e-01 6.8502643e-01 3.0000000e-02 1.8085488e+00
1.7169505e+00 4.2008449e+00 3.0000000e-02 5.1227700e+00
2.8540186e+00 3.2281990e+00 3.0000000e-02 4.4764992e+00
2.0276415e+00 1.1418640e+00 3.0000000e-02 5.2718524e+00
3.7465240e+00 2.6190071e+00 3.0000000e-02 5.5220987e+00
3.4612981e+00 3.5171127e+00 3.0000000e-02 4.8502495e+00
2.1244066e+00 1.6762880e+00 3.0000000e-02 9.1592159e-01
3.1412501e+00 3.7698837e+00 3.0000000e-02 2.5996084e+00
1.6111341e+00 4.2959138e+00 3.0000000e-02 4.2889394e+00
3.5349489e+00 3.3177947e+00 3.0000000e-02 4.9525463e-01
3.3956390e+00 7.3295052e-01 3.0000000e-02 5.2841927e+00
3.6998395e+00 4.1280250e+00 3.0000000e-02 5.2070937e+00
3.5560407e+00 6.3614843e-01 3.0000000e-02 1.5948421e+00
4.4712802e+00 2.9881852e+00 3.0000000e-02 1.0421298e+00
9.0020960e-01 7.5394941e-01 3.0000000e-02 5.7538214e+00
1.0954542e+00 2.6147860e+00 3.0000000e-02 1.6535129e+00
3.7798228e+00 2.3241266e+00 3.0000000e-02 5.7911364e+00
1.6622034e+00 2.0342068e+00 3.0000000e-02 1.5623493e+00
1.2054432e+00 1.2707289e+00 3.0000000e-02 5.3284743e+00
2.9837308e+00 4.1824922e+00 3.0000000e-02 1.2643830e+00
1.0876129e+00 5.9022245e-01 3.0000000e-02 1.3264018e+00
1.1876093e+00 3.5719037e+00 3.0000000e-02 5.5731312e+00
4.1116375e+00 2.0396723e+00 3.0000000e-02 4.2866304e-01
2.1239829e+00 3.5807374e+00 3.0000000e-02 7.9485953e-01
1.2012609e+00 1.8191824e+00 3.0000000e-02 1.7731962e+00
4.0791820e+00 2.9007453e+00 3.0000000e-02 4.4847837e+00
1.4367982e+00 2.7063038e+00 3.0000000e-02 2.5714880e+00
1.9435153e+00 1.8209890e+00 3.0000000e-02 5.5364027e+00
3.5980350e+00 4.1134030e+00 3.0000000e-02 4.1200287e+00
3.5945147e+00 3.3070844e+00 3.0000000e-02 4.8457613e-01
9.9621177e-01 4.0120272e+00 3.0000000e-02 5.8559304e+00
2.6278333e+00 1.3049646e+00 3.0000000e-02 9.5564936e-01
3.4322036e+00 2.0441239e+00 3.0000000e-02 4.8873851e+00
2.0711792e+00 3.1497463e+00 3.0000000e-02 4.5274302e-01
4.0958164e+00 2.7560321e+00 3.0000000e-02 5.2852014e+00
2.9118033e+00 4.1198623e+00 3.0000000e-02 5.8297781e+00
1.5588064e+00 1.4403797e+00 3.0000000e-02 1.1340242e+00
3.6337196e+00 2.2737139e+00 3.0000000e-02 5.2672259e+00
4.1492661e+00 4.1011221e+00 3.0000000e-02 3.5111666e-02
2.1635931e+00 1.5327693e+00 3.0000000e-02 2.3363315e+00
2.0961841e+00 3.6808897e+00 3.0000000e-02 2.4222202e+00
1.0304999e+00 3.3907054e+00 3.0000000e-02 1.3720982e+00
3.2176091e+00 9.9322655e-01 3.0000000e-02 8.8778344e-01
4.0923218e+00 1.4941127e+00 3.0000000e-02 3.8717480e+00
2.5983310e+00 4.0485783e+00 3.0000000e-02 4.0908908e+00
2.8313530e+00 2.3806474e+00 3.0000000e-02 2.0770768e+00
4.1591397e+00 3.6182630e+00 3.0000000e-02 4.5514368e+00
4.3245139e+00 4.3313329e+00 3.0000000e-02 4.1949424e+00
2.3282078e+00 1.8307014e+00 3.0000000e-02 3.7601976e+00
5.5823156e-01 3.7338170e+00 3.0000000e-02 2.3435722e+00
4.4060368e+00 4.0849229e+00 3.0000000e-02 2.7744139e-01
1.9236107e+00 6.5947247e-01 3.0000000e-02 2.1172527e+00
1.7869795e+00 2.6129347e+00 3.0000000e-02 5.4950803e+00
1.0954353e+00 5.9688261e-01 3.0000000e-02 3.0452037e+00
3.1163260e+00 3.2224506e+00 3.0000000e-02 3.2687232e+00
3.9435101e+00 2.5377740e+00 3.0000000e-02 2.5526604e+00
2.6814485e+00 1.2283449e+00 3.0000000e-02 4.0854025e+00
1.7981626e+00 2.8087365e+00 3.0000000e-02 3.6911785e+00
3.8136312e+00 1.4402588e+00 3.0000000e-02 4.1488557e-01
2.1521927e+00 3.9600705e+00 3.0000000e-02 1.3133207e+00
