0.06454371189895418
0.5713879715051818
0.7070656997949456
0.7730840940891168
0.8159871350040782
0.8523739663561971
0.8770859356586881
0.8979468651350118
0.9142946006658533
0.9290733358146713
0.9405412195185577
0.951220698956422
0.9594713298249776
0.9658390488892906
0.9715763919836884
0.9762568613653402
0.9798719534474214
0.9835282476163463
0.9866254825507964
0.9888377353598052
0.990303836574618
0.9923468484235113
0.9940815666176274
0.9949128574195705
0.9955193139223729
0.9962184650276155
0.9971180094604553
0.9978912237721599
0.9983857171302711
0.9985434026723146
0.9987336303484537
0.9988748608685272
0.9990344978093376
0.999167805953335
0.9990821493014685
0.9991164760793931
0.9991672820468169
0.9991648105411227
0.9991492135006869
0.9991690743849546
0.9992610403050773
0.9992189928946713
0.9993686148668381
0.9993593828623933
0.9993663255945141
0.9993710290832126
0.9994536616410062
0.9994719748104047
0.999570763663228
0.9995852606637103
0.9996059379678366
0.9995459418914239
0.9994719956701501
0.9994504026942783
0.9994443205050445
0.9994940178429503
0.9995230212076536
0.9994673438177032
0.9995007422949733
0.9995475624148977
0.9995063523772408
0.9995511321950098
0.9995768320588543
0.9995463998113029
0.9995640359290484
0.9995605549144964
0.9995694654194391
0.9994976608713132
0.9995686954490147
0.9995012100159792
0.9995051425121273
0.9994790028925788
0.9995310667786439
0.9995877243010882
0.9995274898028556
0.9995113312588262
0.9995450332109465
0.9995367875974686
0.999451324425155
0.9995275030916827
0.9995318908944658
0.9995057452453129
0.9995573977701956
0.9995502669583186
0.9995368879466636
0.9995253992620626
0.9995001847648979
0.999507498800945
0.9995185319314527
0.9995357188797717
0.9994745993121366
0.9994851201534956
0.9994691199326274
0.9995103726218123
0.9995247611780598
0.9995270620370693
0.9996081261751306
0.9995636209666247
0.999553173225221
0.9996047187678437
0.9995761458392414
0.9994683898142828
0.9994667145786175
0.9995255756256579
0.9994721338952077
0.9995259289952813
0.9995538198021884
0.9995545673569382
0.9995521724412533
0.9995553786836995
0.9995524197825875
0.9995670278433686
0.999502919955218
0.9995222935926211
0.9995502185019056
0.9995801305530418
0.9995430100926688
0.9995018649812909
0.9995990398078245
0.999495191077663
0.9995658273941311
0.9995404255081861
0.9995182377471443
0.9994895690434786
0.9995598024585417
0.9995204304725686
0.9995021701164566
0.9995933284137193
0.9995590787288707
0.9995674920315161
0.999566742001984
0.9996125006838869
0.9995319160214345
0.9995252775104665
0.9995472859541922
0.9995320563726722
0.999557095029624
0.9995389321131779
0.9995349907307592
0.9995389057348656
0.9995474032073096
0.9995180685835099
0.9995458068450213
0.9995979926191447
0.9995801921292609
0.9995779988470961
0.9995404272181174
0.9995451148479192
0.9995071676876695
0.9995509306582182
0.9995239281118492
0.9995381166527306
0.9995784940779084
0.9995517443675024
0.999579252157339
0.9995547496782033
0.9995607952691679
0.9995380874784907
0.9995487137320879
0.9995187557374692
0.9994557683531653
0.9994910021333301
0.9994298725467173
0.999483271549134
0.9995202677288565
0.9994699353223835
0.9995227125225905
0.9995680184199216
0.9995411064086457
0.9994570491127146
0.9993459187422868
0.9994065824884828
0.9994628697809289
0.999437948481974
0.9994192619970198
0.9994395465006551
0.999424235658881
0.9994645898865437
0.9994688722131219
0.9994242961640007
0.9994846101100877
0.9995383262205053
0.9995777409110543
0.9995170170001544
0.9995528284371831
0.999486920481828
0.9995536819208646
0.9995025529093168
0.9995352724795543
0.999561986785919
0.9994983105650223
0.9994727727953133
0.9994929516232621
0.9995563464648113
0.9995463570330937
0.9995907479235355
0.9995682894962614
0.9995936130101053
0.999630611983746
0.9995663016666176
0.9995431493516662
0.9995544170615874
0.9995127842474232
0.9995305322782757
0.99948323926745
0.9995137766973572
0.9995079521167538
0.9995076639974767
0.999530937285343
0.999493857872636
0.9994941332893936
0.9995151730310443
0.9995395685317288
0.9994990149558136
0.9994416415635697
0.9994229095225537
0.99951885211879
0.9995312101296534
0.9995028352723159
0.9995574218950407
0.9994677632467308
0.9995615553495533
0.9995675931457146
0.9995951274715684
0.9995271485600911
0.9995445343801924
0.999533621235057
0.9995290023000408
0.9995342907027869
0.9995384248964194
0.9995988368523745
0.999588787101907
0.9996009538860378
0.9995493814705985
0.9994569352894995
0.9995442358043092
0.9995310553267658
0.9995591311747994
0.9995190360834925
0.9995607176610858
0.9994983351688754
0.9995556750297451
0.9995427327973961
0.9994945608732296
0.9994758921487712
0.999488612838932
0.9995038804081327
0.9995436261356136
0.9995334677115983
0.9995733161301038
0.9995150154571776
0.9995214391781664
0.9995063633560033
0.9994977545558775
0.9995142530023126
0.9995428088742189
0.9995702094022461
0.9995596539372003
0.9995577730005384
0.9995125092830983
0.9995729469509343
0.9995482872771896
0.9994302876366321
0.9994845436530957
0.9995593988151891
0.9995438415602395
0.9995196149010829
0.9995595473424043
0.9995062778804021
0.9994966620314607
0.999546336572988
0.9995292456799085
0.9995937062105928
0.9995742636621138
0.9995233446582468
0.9995354144484665
0.9996146452385241
0.9995429134800853
0.9995298831673756
0.9995980153576732
0.9995953790580753
0.9995691730618326
0.9995622055376678
0.9995921017514666
0.9995409133563723
0.9994981225770798
0.9995335055616112
0.9995692363214793
0.9995561987127358
0.9995390039642186
0.999490532059857
0.9994322906739767
0.9994809593284487
0.9994633592911588
0.9995071789103092
0.9994250718521728
0.9993823672647336
0.9994246178164117
0.9994553859723905
0.9994685617937854
